509.8410370349884
([1, 235, 8784, 2740, 39997, 57155, 42241, 343473, 27862, 79871, 015352, 21481, 5740, 9899, 3169, 1851, 525], 17, [22, 22, 21, 19, 18, 16, 15, 14, 12, 11, 10, 8, 7, 6, 5, 4, 3])
378.6242640018463
([1, 256, 8188, 22160, 68353, 26933, 7280, 37274, 237357, 71634, 13716, 40102, 82671, 33117, 6071, 800, 345, 58], 18, [23, 23, 21, 20, 18, 16, 15, 14, 12, 11, 10, 9, 8, 6, 5, 4, 3, 2])
222.15493512153625
([1, 235, 8779, 15185, 11283, 29952, 20633, 47205, 120385, 107144, 78144, 14183, 7767, 9947, 8754, 4180], 16, [22, 22, 20, 18, 17, 15, 14, 12, 11, 10, 9, 7, 6, 5, 4, 3])
200.79175472259521
([1, 235, 4621, 10001, 33142, 20676, 61505, 17267, 38908, 22790, 3259, 10021, 18931, 22154, 17356, 5272, 756], 17, [22, 22, 20, 19, 17, 16, 14, 13, 12, 10, 9, 8, 7, 6, 5, 3, 2])
370.810879945755
([1, 278, 10854, 35461, 35435, 14557, 116934, 21164, 23705, 18748, 25541, 109281, 35455, 15578, 8075, 6223, 2390, 125], 18, [24, 24, 23, 21, 19, 18, 16, 15, 13, 12, 11, 10, 8, 7, 6, 5, 3, 2])
84.02534437179565
([1, 256, 2335, 8619, 17722, 8106, 26808, 14031, 13554, 6000, 22629, 16142, 673, 1233, 840, 450, 139], 17, [23, 23, 21, 19, 18, 16, 14, 13, 11, 10, 9, 7, 6, 5, 4, 3, 2])
256.1996681690216
([1, 256, 6384, 15456, 19806, 14897, 99889, 37516, 31318, 137313, 42741, 7647, 15436, 15498, 604, 471], 16, [23, 23, 21, 19, 17, 16, 14, 13, 12, 10, 9, 8, 7, 5, 4, 3])
100.12072944641113
([1, 235, 3279, 9154, 12324, 10448, 33706, 18312, 29052, 27020, 36244, 37040, 40324, 30785, 15463, 4933, 975], 17, [22, 22, 20, 18, 17, 15, 14, 12, 11, 10, 9, 8, 7, 6, 5, 4, 3])
612.3149583339691
([1, 278, 2800, 17274, 69866, 100685, 230481, 96486, 32541, 98819, 29545, 35166, 16928, 3567, 1888, 1499], 16, [24, 24, 22, 21, 19, 17, 16, 14, 13, 11, 10, 9, 7, 6, 5, 4])
384.73193764686584
([1, 256, 7949, 13560, 15285, 18553, 13339, 9560, 70736, 282545, 133563, 110556, 137071, 79441, 10409, 5739, 2140], 17, [23, 23, 21, 19, 18, 16, 14, 13, 12, 11, 10, 8, 7, 6, 5, 4, 3])
