GENETIC ALGORITHM
Start off with Mel: [23, 1, 2, 11, 24, 22, 19, 6, 10, 7, 25, 20, 5, 8, 18, 12, 13, 14, 15, 16, 17, 21, 3, 4, 9]
Run algorithm so that Mel turns in to Mir: [1, 2, 3, 4, 5, 6, 7, 8, 9, 10, 11, 12, 13, 14, 15, 16, 17, 18, 19, 20, 21, 22, 23, 24, 25]
Finding best mutated Mel per iteration out of the population size: 1000
Best Found (score, [genrow]): (18, [23, 1, 2, 11, 24, 22, 19, 20, 25, 7, 10, 6, 5, 8, 18, 12, 13, 14, 15, 16, 17, 21, 3, 4, 9]) , Mutation number: 1
Best Found (score, [genrow]): (21, [23, 1, 2, 11, 24, 22, 19, 20, 25, 7, 10, 6, 5, 4, 3, 21, 17, 16, 15, 14, 13, 12, 18, 8, 9]) , Mutation number: 2
Best Found (score, [genrow]): (23, [24, 11, 2, 1, 23, 22, 19, 20, 25, 7, 10, 6, 5, 4, 3, 21, 17, 16, 15, 14, 13, 12, 18, 8, 9]) , Mutation number: 3
Best Found (score, [genrow]): (25, [24, 25, 20, 19, 22, 23, 1, 2, 11, 7, 10, 6, 5, 4, 3, 21, 17, 16, 15, 14, 13, 12, 18, 8, 9]) , Mutation number: 4
Best Found (score, [genrow]): (29, [24, 25, 20, 19, 22, 23, 1, 2, 11, 10, 7, 6, 5, 4, 3, 21, 17, 16, 15, 14, 13, 12, 18, 8, 9]) , Mutation number: 5
Best Found (score, [genrow]): (31, [24, 25, 20, 19, 22, 23, 1, 2, 11, 10, 18, 12, 13, 14, 15, 16, 17, 21, 3, 4, 5, 6, 7, 8, 9]) , Mutation number: 6
Best Found (score, [genrow]): (34, [24, 25, 20, 19, 22, 23, 1, 2, 11, 10, 9, 8, 7, 6, 5, 4, 3, 21, 17, 16, 15, 14, 13, 12, 18]) , Mutation number: 7
Best Found (score, [genrow]): (36, [24, 25, 20, 19, 22, 23, 1, 2, 3, 4, 5, 6, 7, 8, 9, 10, 11, 21, 17, 16, 15, 14, 13, 12, 18]) , Mutation number: 8
Best Found (score, [genrow]): (38, [24, 25, 20, 19, 22, 23, 1, 2, 3, 4, 5, 6, 7, 8, 9, 10, 11, 12, 13, 14, 15, 16, 17, 21, 18]) , Mutation number: 9
Best Found (score, [genrow]): (40, [24, 25, 20, 19, 22, 23, 1, 2, 3, 4, 5, 6, 7, 8, 9, 10, 11, 12, 13, 14, 15, 16, 17, 18, 21]) , Mutation number: 10
Best Found (score, [genrow]): (43, [24, 25, 20, 19, 18, 17, 16, 15, 14, 13, 12, 11, 10, 9, 8, 7, 6, 5, 4, 3, 2, 1, 23, 22, 21]) , Mutation number: 11
Best Found (score, [genrow]): (45, [1, 2, 3, 4, 5, 6, 7, 8, 9, 10, 11, 12, 13, 14, 15, 16, 17, 18, 19, 20, 25, 24, 23, 22, 21]) , Mutation number: 12
Best Found (score, [genrow]): (47, [1, 2, 3, 4, 5, 6, 7, 8, 9, 10, 11, 12, 13, 14, 15, 16, 17, 18, 19, 20, 21, 22, 23, 24, 25]) , Mutation number: 13
Winning Generation[(score, genrow), (nextBestScore, nextBestGenRow), ...]: [(0, []), (18, [23, 1, 2, 11, 24, 22, 19, 20, 25, 7, 10, 6, 5, 8, 18, 12, 13, 14, 15, 16, 17, 21, 3, 4, 9]), (21, [23, 1, 2, 11, 24, 22, 19, 20, 25, 7, 10, 6, 5, 4, 3, 21, 17, 16, 15, 14, 13, 12, 18, 8, 9]), (23, [24, 11, 2, 1, 23, 22, 19, 20, 25, 7, 10, 6, 5, 4, 3, 21, 17, 16, 15, 14, 13, 12, 18, 8, 9]), (25, [24, 25, 20, 19, 22, 23, 1, 2, 11, 7, 10, 6, 5, 4, 3, 21, 17, 16, 15, 14, 13, 12, 18, 8, 9]), (29, [24, 25, 20, 19, 22, 23, 1, 2, 11, 10, 7, 6, 5, 4, 3, 21, 17, 16, 15, 14, 13, 12, 18, 8, 9]), (31, [24, 25, 20, 19, 22, 23, 1, 2, 11, 10, 18, 12, 13, 14, 15, 16, 17, 21, 3, 4, 5, 6, 7, 8, 9]), (34, [24, 25, 20, 19, 22, 23, 1, 2, 11, 10, 9, 8, 7, 6, 5, 4, 3, 21, 17, 16, 15, 14, 13, 12, 18]), (36, [24, 25, 20, 19, 22, 23, 1, 2, 3, 4, 5, 6, 7, 8, 9, 10, 11, 21, 17, 16, 15, 14, 13, 12, 18]), (38, [24, 25, 20, 19, 22, 23, 1, 2, 3, 4, 5, 6, 7, 8, 9, 10, 11, 12, 13, 14, 15, 16, 17, 21, 18]), (40, [24, 25, 20, 19, 22, 23, 1, 2, 3, 4, 5, 6, 7, 8, 9, 10, 11, 12, 13, 14, 15, 16, 17, 18, 21]), (43, [24, 25, 20, 19, 18, 17, 16, 15, 14, 13, 12, 11, 10, 9, 8, 7, 6, 5, 4, 3, 2, 1, 23, 22, 21]), (45, [1, 2, 3, 4, 5, 6, 7, 8, 9, 10, 11, 12, 13, 14, 15, 16, 17, 18, 19, 20, 25, 24, 23, 22, 21]), (47, [1, 2, 3, 4, 5, 6, 7, 8, 9, 10, 11, 12, 13, 14, 15, 16, 17, 18, 19, 20, 21, 22, 23, 24, 25])]
Amount of mutations needed: 13
