POPULATION BASED ALGORITHM
-----------------------------
<<<<<<< HEAD
Start off with Mel: [2, 14, 24, 23, 7, 4, 13, 19, 3, 20, 15, 6, 18, 9, 17, 16, 11, 25, 21, 8, 1, 12, 5, 22, 10]
Run algorithm so that Mel turns in to Mir: [1, 2, 3, 4, 5, 6, 7, 8, 9, 10, 11, 12, 13, 14, 15, 16, 17, 18, 19, 20, 21, 22, 23, 24, 25]
Finding best mutated Mel per iteration out of the population size: 1000
Best Found (score, [genrow]): (6, (19, 13, 4, 7, 23, 24, 14, 2, 3, 20, 15, 6, 18, 9, 17, 16, 11, 25, 21, 8, 1, 12, 5, 22, 10)) , Mutation number: 1
Best Found (score, [genrow]): (10, (19, 13, 12, 1, 8, 21, 25, 11, 16, 17, 9, 18, 6, 15, 20, 3, 2, 14, 24, 23, 7, 4, 5, 22, 10)) , Mutation number: 2
Best Found (score, [genrow]): (13, (19, 13, 12, 1, 8, 21, 25, 11, 16, 17, 9, 10, 22, 5, 4, 7, 23, 24, 14, 2, 3, 20, 15, 6, 18)) , Mutation number: 3
Best Found (score, [genrow]): (15, (19, 24, 23, 7, 4, 5, 22, 10, 9, 17, 16, 11, 25, 21, 8, 1, 12, 13, 14, 2, 3, 20, 15, 6, 18)) , Mutation number: 4
Best Found (score, [genrow]): (17, (19, 24, 23, 22, 5, 4, 7, 10, 9, 17, 16, 11, 25, 21, 8, 1, 12, 13, 14, 2, 3, 20, 15, 6, 18)) , Mutation number: 5
Best Found (score, [genrow]): (19, (19, 24, 23, 22, 21, 25, 11, 16, 17, 9, 10, 7, 4, 5, 8, 1, 12, 13, 14, 2, 3, 20, 15, 6, 18)) , Mutation number: 6
Best Found (score, [genrow]): (21, (19, 24, 23, 22, 21, 25, 11, 20, 3, 2, 14, 13, 12, 1, 8, 5, 4, 7, 10, 9, 17, 16, 15, 6, 18)) , Mutation number: 7
Best Found (score, [genrow]): (23, (19, 24, 23, 22, 21, 25, 11, 20, 3, 2, 14, 13, 12, 1, 8, 15, 16, 17, 9, 10, 7, 4, 5, 6, 18)) , Mutation number: 8
Best Found (score, [genrow]): (25, (19, 24, 23, 22, 21, 25, 11, 20, 7, 10, 9, 17, 16, 15, 8, 1, 12, 13, 14, 2, 3, 4, 5, 6, 18)) , Mutation number: 9
Best Found (score, [genrow]): (27, (19, 24, 23, 22, 21, 25, 11, 20, 15, 16, 17, 9, 10, 7, 8, 1, 12, 13, 14, 2, 3, 4, 5, 6, 18)) , Mutation number: 10
Best Found (score, [genrow]): (29, (19, 24, 23, 22, 21, 25, 11, 20, 15, 16, 17, 9, 10, 7, 8, 14, 13, 12, 1, 2, 3, 4, 5, 6, 18)) , Mutation number: 11
Best Found (score, [genrow]): (31, (19, 24, 23, 22, 21, 25, 11, 20, 8, 7, 10, 9, 17, 16, 15, 14, 13, 12, 1, 2, 3, 4, 5, 6, 18)) , Mutation number: 12
Best Found (score, [genrow]): (33, (19, 24, 23, 22, 21, 25, 11, 20, 8, 7, 6, 5, 4, 3, 2, 1, 12, 13, 14, 15, 16, 17, 9, 10, 18)) , Mutation number: 13
Best Found (score, [genrow]): (35, (19, 24, 23, 22, 21, 25, 11, 20, 17, 16, 15, 14, 13, 12, 1, 2, 3, 4, 5, 6, 7, 8, 9, 10, 18)) , Mutation number: 14
Best Found (score, [genrow]): (37, (19, 24, 23, 22, 21, 25, 11, 10, 9, 8, 7, 6, 5, 4, 3, 2, 1, 12, 13, 14, 15, 16, 17, 20, 18)) , Mutation number: 15
Best Found (score, [genrow]): (39, (19, 24, 23, 22, 21, 25, 11, 10, 9, 8, 7, 6, 5, 4, 3, 2, 1, 12, 13, 14, 15, 16, 17, 18, 20)) , Mutation number: 16
Best Found (score, [genrow]): (41, (19, 24, 23, 22, 21, 25, 1, 2, 3, 4, 5, 6, 7, 8, 9, 10, 11, 12, 13, 14, 15, 16, 17, 18, 20)) , Mutation number: 17
Best Found (score, [genrow]): (43, (19, 21, 22, 23, 24, 25, 1, 2, 3, 4, 5, 6, 7, 8, 9, 10, 11, 12, 13, 14, 15, 16, 17, 18, 20)) , Mutation number: 18
Best Found (score, [genrow]): (46, (19, 18, 17, 16, 15, 14, 13, 12, 11, 10, 9, 8, 7, 6, 5, 4, 3, 2, 1, 25, 24, 23, 22, 21, 20)) , Mutation number: 19
Best Found (score, [genrow]): (46, (21, 22, 23, 24, 25, 1, 2, 3, 4, 5, 6, 7, 8, 9, 10, 11, 12, 13, 14, 15, 16, 17, 18, 19, 20)) , Mutation number: 20
Best Found (score, [genrow]): (46, (21, 22, 23, 24, 25, 1, 2, 3, 4, 5, 6, 7, 8, 9, 10, 11, 12, 13, 14, 15, 16, 17, 18, 19, 20)) , Mutation number: 21
Best Found (score, [genrow]): (46, (21, 22, 23, 24, 25, 1, 2, 3, 4, 5, 6, 7, 8, 9, 10, 11, 12, 13, 14, 15, 16, 17, 18, 19, 20)) , Mutation number: 22
Best Found (score, [genrow]): (46, (21, 20, 19, 18, 17, 16, 15, 14, 13, 12, 11, 10, 9, 8, 7, 6, 5, 4, 3, 2, 1, 25, 24, 23, 22)) , Mutation number: 23
Best Found (score, [genrow]): (46, (23, 24, 25, 1, 2, 3, 4, 5, 6, 7, 8, 9, 10, 11, 12, 13, 14, 15, 16, 17, 18, 19, 20, 21, 22)) , Mutation number: 24
Best Found (score, [genrow]): (46, (23, 22, 21, 20, 19, 18, 17, 16, 15, 14, 13, 12, 11, 10, 9, 8, 7, 6, 5, 4, 3, 2, 1, 25, 24)) , Mutation number: 25
Best Found (score, [genrow]): (46, (25, 1, 2, 3, 4, 5, 6, 7, 8, 9, 10, 11, 12, 13, 14, 15, 16, 17, 18, 19, 20, 21, 22, 23, 24)) , Mutation number: 26
Best Found (score, [genrow]): (47, (25, 24, 23, 22, 21, 20, 19, 18, 17, 16, 15, 14, 13, 12, 11, 10, 9, 8, 7, 6, 5, 4, 3, 2, 1)) , Mutation number: 27
Best Found (score, [genrow]): (47, (25, 24, 23, 22, 21, 20, 19, 18, 17, 16, 15, 14, 13, 12, 11, 10, 9, 8, 7, 6, 5, 4, 3, 2, 1)) , Mutation number: 28
Best Found (score, [genrow]): (47, (25, 24, 23, 22, 21, 20, 19, 18, 17, 16, 15, 14, 13, 12, 11, 10, 9, 8, 7, 6, 5, 4, 3, 2, 1)) , Mutation number: 29
Best Found (score, [genrow]): (47, (25, 24, 23, 22, 21, 20, 19, 18, 17, 16, 15, 14, 13, 12, 11, 10, 9, 8, 7, 6, 5, 4, 3, 2, 1)) , Mutation number: 30
Best Found (score, [genrow]): (47, (25, 24, 23, 22, 21, 20, 19, 18, 17, 16, 15, 14, 13, 12, 11, 10, 9, 8, 7, 6, 5, 4, 3, 2, 1)) , Mutation number: 31
Best Found (score, [genrow]): (47, (25, 24, 23, 22, 21, 20, 19, 18, 17, 16, 15, 14, 13, 12, 11, 10, 9, 8, 7, 6, 5, 4, 3, 2, 1)) , Mutation number: 32
Best Found (score, [genrow]): (47, (25, 24, 23, 22, 21, 20, 19, 18, 17, 16, 15, 14, 13, 12, 11, 10, 9, 8, 7, 6, 5, 4, 3, 2, 1)) , Mutation number: 33
Best Found (score, [genrow]): (47, (25, 24, 23, 22, 21, 20, 19, 18, 17, 16, 15, 14, 13, 12, 11, 10, 9, 8, 7, 6, 5, 4, 3, 2, 1)) , Mutation number: 34
Best Found (score, [genrow]): (47, (25, 24, 23, 22, 21, 20, 19, 18, 17, 16, 15, 14, 13, 12, 11, 10, 9, 8, 7, 6, 5, 4, 3, 2, 1)) , Mutation number: 35
Best Found (score, [genrow]): (47, (25, 24, 23, 22, 21, 20, 19, 18, 17, 16, 15, 14, 13, 12, 11, 10, 9, 8, 7, 6, 5, 4, 3, 2, 1)) , Mutation number: 36
Best Found (score, [genrow]): (47, (25, 24, 23, 22, 21, 20, 19, 18, 17, 16, 15, 14, 13, 12, 11, 10, 9, 8, 7, 6, 5, 4, 3, 2, 1)) , Mutation number: 37
Best Found (score, [genrow]): (47, (25, 24, 23, 22, 21, 20, 19, 18, 17, 16, 15, 14, 13, 12, 11, 10, 9, 8, 7, 6, 5, 4, 3, 2, 1)) , Mutation number: 38
Best Found (score, [genrow]): (47, (25, 24, 23, 22, 21, 20, 19, 18, 17, 16, 15, 14, 13, 12, 11, 10, 9, 8, 7, 6, 5, 4, 3, 2, 1)) , Mutation number: 39
Best Found (score, [genrow]): (47, (25, 24, 23, 22, 21, 20, 19, 18, 17, 16, 15, 14, 13, 12, 11, 10, 9, 8, 7, 6, 5, 4, 3, 2, 1)) , Mutation number: 40
Best Found (score, [genrow]): (47, (25, 24, 23, 22, 21, 20, 19, 18, 17, 16, 15, 14, 13, 12, 11, 10, 9, 8, 7, 6, 5, 4, 3, 2, 1)) , Mutation number: 41
=======
<<<<<<< HEAD
Start off with Mel: [9, 13, 24, 23, 17, 4, 3, 15, 7, 1, 10, 25, 14, 12, 22, 21, 20, 6, 19, 5, 16, 18, 2, 11, 8]
Run algorithm so that Mel turns in to Mir: [1, 2, 3, 4, 5, 6, 7, 8, 9, 10, 11, 12, 13, 14, 15, 16, 17, 18, 19, 20, 21, 22, 23, 24, 25]
Finding best mutated Mel per iteration out of the population size: 300
Best Found (score, [genrow], mutationPoints): (13, (9, 13, 24, 23, 17, 4, 3, 15, 7, 1, 10, 25, 14, 12, 22, 21, 20, 19, 6, 5, 16, 18, 2, 11, 8), 10) , Mutation number: 1
Best Found (score, [genrow], mutationPoints): (15, (9, 14, 25, 10, 1, 7, 15, 3, 4, 17, 23, 24, 13, 12, 22, 21, 20, 19, 6, 5, 16, 18, 2, 11, 8), 15) , Mutation number: 2
Best Found (score, [genrow], mutationPoints): (19, (9, 14, 25, 10, 1, 7, 15, 3, 4, 5, 6, 19, 20, 21, 22, 12, 13, 24, 23, 17, 16, 18, 2, 11, 8), 7) , Mutation number: 3
Best Found (score, [genrow], mutationPoints): (23, (9, 14, 13, 12, 22, 21, 20, 19, 6, 5, 4, 3, 15, 7, 1, 10, 25, 24, 23, 17, 16, 18, 2, 11, 8), 2) , Mutation number: 4
Best Found (score, [genrow], mutationPoints): (27, (9, 14, 13, 12, 22, 21, 20, 19, 6, 5, 4, 3, 15, 7, 1, 2, 18, 16, 17, 23, 24, 25, 10, 11, 8), 4) , Mutation number: 5
Best Found (score, [genrow], mutationPoints): (29, (9, 14, 13, 12, 22, 21, 20, 19, 6, 5, 4, 3, 18, 2, 1, 7, 15, 16, 17, 23, 24, 25, 10, 11, 8), 9) , Mutation number: 6
Best Found (score, [genrow], mutationPoints): (31, (9, 14, 13, 12, 22, 21, 20, 19, 18, 3, 4, 5, 6, 2, 1, 7, 15, 16, 17, 23, 24, 25, 10, 11, 8), 4) , Mutation number: 7
Best Found (score, [genrow], mutationPoints): (33, (9, 14, 13, 12, 22, 21, 20, 19, 18, 17, 16, 15, 7, 1, 2, 6, 5, 4, 3, 23, 24, 25, 10, 11, 8), 5) , Mutation number: 8
Best Found (score, [genrow], mutationPoints): (35, (9, 14, 13, 12, 22, 21, 20, 19, 18, 17, 16, 15, 7, 1, 2, 3, 4, 5, 6, 23, 24, 25, 10, 11, 8), 11) , Mutation number: 9
Best Found (score, [genrow], mutationPoints): (37, (9, 14, 13, 12, 22, 21, 20, 19, 18, 17, 16, 15, 7, 6, 5, 4, 3, 2, 1, 23, 24, 25, 10, 11, 8), 13) , Mutation number: 10
=======
Start off with Mel: [23, 1, 2, 11, 24, 22, 19, 6, 10, 7, 25, 20, 5, 8, 18, 12, 13, 14, 15, 16, 17, 21, 3, 4, 9]
Run algorithm so that Mel turns in to Mir: [1, 2, 3, 4, 5, 6, 7, 8, 9, 10, 11, 12, 13, 14, 15, 16, 17, 18, 19, 20, 21, 22, 23, 24, 25]
Finding best mutated Mel per iteration out of the population size: 300
Best Found (score, [genrow]): (18, (23, 1, 2, 11, 24, 22, 19, 20, 25, 7, 10, 6, 5, 8, 18, 12, 13, 14, 15, 16, 17, 21, 3, 4, 9)) , Mutation number: 1
Best Found (score, [genrow]): (21, (23, 1, 2, 11, 24, 22, 19, 20, 25, 7, 10, 6, 5, 4, 3, 21, 17, 16, 15, 14, 13, 12, 18, 8, 9)) , Mutation number: 2
Best Found (score, [genrow]): (23, (24, 11, 2, 1, 23, 22, 19, 20, 25, 7, 10, 6, 5, 4, 3, 21, 17, 16, 15, 14, 13, 12, 18, 8, 9)) , Mutation number: 3
Best Found (score, [genrow]): (25, (24, 25, 20, 19, 22, 23, 1, 2, 11, 7, 10, 6, 5, 4, 3, 21, 17, 16, 15, 14, 13, 12, 18, 8, 9)) , Mutation number: 4
Best Found (score, [genrow]): (27, (24, 25, 20, 19, 22, 23, 1, 2, 11, 18, 12, 13, 14, 15, 16, 17, 21, 3, 4, 5, 6, 10, 7, 8, 9)) , Mutation number: 5
Best Found (score, [genrow]): (29, (24, 25, 20, 19, 22, 23, 1, 2, 18, 11, 12, 13, 14, 15, 16, 17, 21, 3, 4, 5, 6, 10, 7, 8, 9)) , Mutation number: 6
Best Found (score, [genrow]): (31, (24, 25, 20, 19, 22, 23, 1, 2, 18, 11, 12, 13, 14, 15, 16, 17, 21, 3, 4, 5, 6, 10, 9, 8, 7)) , Mutation number: 7
Best Found (score, [genrow]): (33, (24, 25, 20, 19, 22, 23, 1, 2, 18, 11, 12, 13, 14, 15, 16, 17, 21, 3, 4, 5, 6, 7, 8, 9, 10)) , Mutation number: 8
Best Found (score, [genrow]): (35, (24, 25, 20, 19, 17, 16, 15, 14, 13, 12, 11, 18, 2, 1, 23, 22, 21, 3, 4, 5, 6, 7, 8, 9, 10)) , Mutation number: 9
Best Found (score, [genrow]): (38, (24, 25, 20, 19, 17, 16, 15, 14, 13, 12, 11, 10, 9, 8, 7, 6, 5, 4, 3, 21, 22, 23, 1, 2, 18)) , Mutation number: 10
Best Found (score, [genrow]): (39, (24, 25, 20, 19, 2, 1, 23, 22, 21, 3, 4, 5, 6, 7, 8, 9, 10, 11, 12, 13, 14, 15, 16, 17, 18)) , Mutation number: 11
Best Found (score, [genrow]): (41, (24, 25, 20, 19, 21, 22, 23, 1, 2, 3, 4, 5, 6, 7, 8, 9, 10, 11, 12, 13, 14, 15, 16, 17, 18)) , Mutation number: 12
Best Found (score, [genrow]): (43, (24, 25, 20, 19, 18, 17, 16, 15, 14, 13, 12, 11, 10, 9, 8, 7, 6, 5, 4, 3, 2, 1, 23, 22, 21)) , Mutation number: 13
Best Found (score, [genrow]): (44, (24, 25, 20, 19, 18, 17, 16, 15, 14, 13, 12, 11, 10, 9, 8, 7, 6, 5, 4, 3, 2, 1, 21, 22, 23)) , Mutation number: 14
Best Found (score, [genrow]): (44, (23, 22, 21, 1, 2, 3, 4, 5, 6, 7, 8, 9, 10, 11, 12, 13, 14, 15, 16, 17, 18, 19, 20, 25, 24)) , Mutation number: 15
Best Found (score, [genrow]): (46, (23, 22, 21, 20, 19, 18, 17, 16, 15, 14, 13, 12, 11, 10, 9, 8, 7, 6, 5, 4, 3, 2, 1, 25, 24)) , Mutation number: 16
Best Found (score, [genrow]): (46, (24, 25, 1, 2, 3, 4, 5, 6, 7, 8, 9, 10, 11, 12, 13, 14, 15, 16, 17, 18, 19, 20, 21, 22, 23)) , Mutation number: 17
Best Found (score, [genrow]): (46, (23, 22, 21, 20, 19, 18, 17, 16, 15, 14, 13, 12, 11, 10, 9, 8, 7, 6, 5, 4, 3, 2, 1, 25, 24)) , Mutation number: 18
Best Found (score, [genrow]): (46, (25, 1, 2, 3, 4, 5, 6, 7, 8, 9, 10, 11, 12, 13, 14, 15, 16, 17, 18, 19, 20, 21, 22, 23, 24)) , Mutation number: 19
Best Found (score, [genrow]): (47, (25, 24, 23, 22, 21, 20, 19, 18, 17, 16, 15, 14, 13, 12, 11, 10, 9, 8, 7, 6, 5, 4, 3, 2, 1)) , Mutation number: 20
Best Found (score, [genrow]): (47, (2, 3, 4, 5, 6, 7, 8, 9, 10, 11, 12, 13, 14, 15, 16, 17, 18, 19, 20, 21, 22, 23, 24, 25, 1)) , Mutation number: 21
Best Found (score, [genrow]): (47, (25, 24, 23, 22, 21, 20, 19, 18, 17, 16, 15, 14, 13, 12, 11, 10, 9, 8, 7, 6, 5, 4, 3, 2, 1)) , Mutation number: 22
Best Found (score, [genrow]): (47, (25, 24, 23, 22, 21, 20, 19, 18, 17, 16, 15, 14, 13, 12, 11, 10, 9, 8, 7, 6, 5, 4, 3, 2, 1)) , Mutation number: 23
Best Found (score, [genrow]): (47, (25, 24, 23, 22, 21, 20, 19, 18, 17, 16, 15, 14, 13, 12, 11, 10, 9, 8, 7, 6, 5, 4, 3, 2, 1)) , Mutation number: 24
Best Found (score, [genrow]): (47, (1, 2, 3, 4, 5, 6, 7, 8, 9, 10, 11, 12, 13, 14, 15, 16, 17, 18, 19, 20, 21, 22, 23, 24, 25)) , Mutation number: 25
Winning Generation[(score, genrow), (nextBestScore, nextBestGenRow), ...]: [(0, ()), (18, (23, 1, 2, 11, 24, 22, 19, 20, 25, 7, 10, 6, 5, 8, 18, 12, 13, 14, 15, 16, 17, 21, 3, 4, 9)), (21, (23, 1, 2, 11, 24, 22, 19, 20, 25, 7, 10, 6, 5, 4, 3, 21, 17, 16, 15, 14, 13, 12, 18, 8, 9)), (23, (24, 11, 2, 1, 23, 22, 19, 20, 25, 7, 10, 6, 5, 4, 3, 21, 17, 16, 15, 14, 13, 12, 18, 8, 9)), (25, (24, 25, 20, 19, 22, 23, 1, 2, 11, 7, 10, 6, 5, 4, 3, 21, 17, 16, 15, 14, 13, 12, 18, 8, 9)), (27, (24, 25, 20, 19, 22, 23, 1, 2, 11, 18, 12, 13, 14, 15, 16, 17, 21, 3, 4, 5, 6, 10, 7, 8, 9)), (29, (24, 25, 20, 19, 22, 23, 1, 2, 18, 11, 12, 13, 14, 15, 16, 17, 21, 3, 4, 5, 6, 10, 7, 8, 9)), (31, (24, 25, 20, 19, 22, 23, 1, 2, 18, 11, 12, 13, 14, 15, 16, 17, 21, 3, 4, 5, 6, 10, 9, 8, 7)), (33, (24, 25, 20, 19, 22, 23, 1, 2, 18, 11, 12, 13, 14, 15, 16, 17, 21, 3, 4, 5, 6, 7, 8, 9, 10)), (35, (24, 25, 20, 19, 17, 16, 15, 14, 13, 12, 11, 18, 2, 1, 23, 22, 21, 3, 4, 5, 6, 7, 8, 9, 10)), (38, (24, 25, 20, 19, 17, 16, 15, 14, 13, 12, 11, 10, 9, 8, 7, 6, 5, 4, 3, 21, 22, 23, 1, 2, 18)), (39, (24, 25, 20, 19, 2, 1, 23, 22, 21, 3, 4, 5, 6, 7, 8, 9, 10, 11, 12, 13, 14, 15, 16, 17, 18)), (41, (24, 25, 20, 19, 21, 22, 23, 1, 2, 3, 4, 5, 6, 7, 8, 9, 10, 11, 12, 13, 14, 15, 16, 17, 18)), (43, (24, 25, 20, 19, 18, 17, 16, 15, 14, 13, 12, 11, 10, 9, 8, 7, 6, 5, 4, 3, 2, 1, 23, 22, 21)), (44, (24, 25, 20, 19, 18, 17, 16, 15, 14, 13, 12, 11, 10, 9, 8, 7, 6, 5, 4, 3, 2, 1, 21, 22, 23)), (44, (23, 22, 21, 1, 2, 3, 4, 5, 6, 7, 8, 9, 10, 11, 12, 13, 14, 15, 16, 17, 18, 19, 20, 25, 24)), (46, (23, 22, 21, 20, 19, 18, 17, 16, 15, 14, 13, 12, 11, 10, 9, 8, 7, 6, 5, 4, 3, 2, 1, 25, 24)), (46, (24, 25, 1, 2, 3, 4, 5, 6, 7, 8, 9, 10, 11, 12, 13, 14, 15, 16, 17, 18, 19, 20, 21, 22, 23)), (46, (23, 22, 21, 20, 19, 18, 17, 16, 15, 14, 13, 12, 11, 10, 9, 8, 7, 6, 5, 4, 3, 2, 1, 25, 24)), (46, (25, 1, 2, 3, 4, 5, 6, 7, 8, 9, 10, 11, 12, 13, 14, 15, 16, 17, 18, 19, 20, 21, 22, 23, 24)), (47, (25, 24, 23, 22, 21, 20, 19, 18, 17, 16, 15, 14, 13, 12, 11, 10, 9, 8, 7, 6, 5, 4, 3, 2, 1)), (47, (2, 3, 4, 5, 6, 7, 8, 9, 10, 11, 12, 13, 14, 15, 16, 17, 18, 19, 20, 21, 22, 23, 24, 25, 1)), (47, (25, 24, 23, 22, 21, 20, 19, 18, 17, 16, 15, 14, 13, 12, 11, 10, 9, 8, 7, 6, 5, 4, 3, 2, 1)), (47, (25, 24, 23, 22, 21, 20, 19, 18, 17, 16, 15, 14, 13, 12, 11, 10, 9, 8, 7, 6, 5, 4, 3, 2, 1)), (47, (25, 24, 23, 22, 21, 20, 19, 18, 17, 16, 15, 14, 13, 12, 11, 10, 9, 8, 7, 6, 5, 4, 3, 2, 1)), (47, (1, 2, 3, 4, 5, 6, 7, 8, 9, 10, 11, 12, 13, 14, 15, 16, 17, 18, 19, 20, 21, 22, 23, 24, 25))]
Amount of mutations needed: 25
-----------------------------
RESULT
-----------------------------
>>>>>>> 0cbc84179001f1c70e6eb1a277c11eaed2ea9be9
>>>>>>> fd54c6427e6008ea422c5678f209108ceb7a96e3
